112.0350
118.0900
120.9670
123.1870
126.6270
131.2400
132.8490
134.6890
138.9900
141.2070
142.1010
144.7650
146.4080
146.9510
146.1110
147.2310
158.6000
159.7110
167.0280
176.6470
179.1280
182.2360
191.0490
193.9700
197.1510
203.1670
209.1110
214.1370
215.1700
222.8720
238.9730
270.6920
285.6400
282.9130
287.0810
291.4620
299.7460
311.5760
320.7880
326.8330
332.4900
331.8230
327.4540
330.8350
331.5310
335.0670
337.8170
343.3840
346.4070
348.3280
358.6330
370.4850
378.1940
396.9540
401.3270
404.1850
400.3530
399.9660
398.7380
398.4070
409.3990
420.2410
430.4530
443.4270
454.8050
456.4900
462.5090
465.5860
469.9100
482.3110
500.3140
503.2830
507.3750
512.5980
522.6900
