61156.4000
55928.6000
61066.8000
65404.1000
62770.8000
69652.6000
70186.0000
82439.6000
67758.4000
81810.2000
79382.5000
81888.1000
76913.1000
85246.0000
81238.8000
82649.4000
85320.7000
91514.5000
86896.6000
98761.3000
89100.7000
103004.2000
96904.2000
106321.6000
105475.9000
105917.6000
105062.6000
114429.8000
115637.0000
125751.0000
121289.1000
130926.2000
133986.3000
140303.7000
146086.2000
152908.9000
151581.5000
167458.3000
164494.6000
175688.5000
168842.2000
181814.8000
181803.9000
193092.6000
186407.1000
198625.5000
198747.8000
214671.1000
212139.8000
224942.3000
221509.3000
233413.5000
233673.2000
261466.8000
260078.5000
246819.7000
250676.0000
270462.3000
278153.7000
313358.4000
295904.6000
316919.1000
321926.1000
342299.8000
324770.8000
358007.8000
344016.4000
364134.1000
357330.7000
371790.7000
357613.6000
390817.7000
367981.6000
409178.3000
387917.4000
